,TC,thr,M,delM,Tplot,Fi,Fi uncertainty,Daa,Daa uncertainty,ln(D/a^2),ln(D/a^2)-del,ln(D/a^2)+del
0,99.97,0.5,0.05308015,0.000530802,26.801029159519725,0.053081616257692685,0.0020888734637874336,1.3659636787078743e-07,1.427412569783359e-10,-15.806235479688944,-15.807281011810273,-15.805191039563413
1,99.97,0.5,0.021986518,0.000219865,26.801029159519725,0.07506984687430189,0.002183976211668104,1.3659636770484652e-07,1.905424141983606e-09,-15.80623548090377,-15.820282989919116,-15.792382573880468
2,99.98,0.5,0.014187446,0.000141874,26.80031088360625,0.08925814366417663,0.0021137094114651173,1.130242368072792e-07,1.4410121599598814e-09,-15.995663556212524,-16.008495115078194,-15.98299456248784
3,99.98,0.5,0.013332649,0.000133326,26.80031088360625,0.10259015343431714,0.0022416425911820914,1.3422208588275644e-07,1.6657414674684642e-09,-15.823770051562551,-15.836258041039311,-15.811436090439525
4,99.98,0.5,0.011638698,0.000116387,26.80031088360625,0.11422803289706293,0.0023550505796965174,1.338625604658747e-07,1.6257639375117236e-09,-15.82645223151815,-15.838671608406715,-15.814380367103901
5,49.52,2.0,0.000445989,4.45989e-06,30.991415377940314,0.11467405435132808,0.002354840442986797,1.3609444494666795e-09,1.5968754639861303e-11,-20.41508693007872,-20.426889894816618,-20.4034216517889
6,49.54,2.0,0.000444976,4.44976e-06,30.989494561343705,0.11511904453247246,0.0023487324984797844,1.36367495937463e-09,1.60106221378075e-11,-20.413082605501714,-20.424892863448484,-20.401410203220397
7,49.69,3.0,0.000674362,6.74362e-06,30.975096022797672,0.1157933440794362,0.002349918300620396,1.3851644479004375e-09,1.6291861270811053e-11,-20.39744696940938,-20.409278365366138,-20.385753920143387
8,49.8,4.333333333,0.000977498,9.77498e-06,30.96454559529339,0.11677077197974077,0.002346800144755093,1.4009943692331483e-09,1.6363655650945297e-11,-20.38608358870515,-20.397832365652587,-20.374471244154797
9,59.88,3.0,0.001861957,1.86196e-05,30.027324865627723,0.11863279264007348,0.0023309829832806467,3.906682179493711e-09,4.568800887453759e-11,-19.360577370613374,-19.372341129476595,-19.348950390301844
10,59.93,4.333333333,0.002645371,2.64537e-05,30.022817341179298,0.12127788250221878,0.002342446019160248,3.924014211326903e-09,4.629190109033076e-11,-19.356150673606912,-19.368017889127007,-19.344422638817534
11,69.98,2.0,0.003111703,3.1117e-05,29.14347331915018,0.12438918480798607,0.0023326087816227664,1.026705436680138e-08,1.1936558822560246e-10,-18.39432567334786,-18.406019863931945,-18.38276665761933
12,69.99,3.0,0.004511917,4.51192e-05,29.14262400186513,0.12890136834578408,0.0023573952524789388,1.0267653000615019e-08,1.1916194942033194e-10,-18.394267368761085,-18.405940807417267,-18.382728628394688
13,69.99,4.333333333,0.006214618,6.21462e-05,29.14262400186513,0.1351161416340512,0.0023687288866312967,1.0254918854194707e-08,1.1949613181865015e-10,-18.395508358257402,-18.40722934874836,-18.383923159309727
14,79.98,1.0,0.003393188,3.39319e-05,28.31818310537196,0.13850947396154809,0.0023694701490052233,2.525497003130165e-08,2.887317558745011e-10,-17.494242867671264,-17.505741393766172,-17.482875056078427
15,80.0,2.0,0.006523265,6.52327e-05,28.31657935721365,0.14503298012757557,0.0024004553005670115,2.5269531481183373e-08,2.904749169421112e-10,-17.49366645623329,-17.50522810060666,-17.48223695711921
16,79.99,3.0,0.00917942,9.17942e-05,28.317381208585832,0.15421270779597201,0.0024482820496562613,2.519953338235684e-08,2.8688160284279455e-10,-17.496440359173608,-17.50789005892173,-17.485120272419877
17,90.0,1.0,0.006763294,6.76329e-05,27.53683051080821,0.16097630478901856,0.002432365721541971,5.909927327846347e-08,6.74512537754313e-10,-16.64404720908266,-16.65552605168248,-16.632698636376826
18,90.0,1.0,0.006440982,6.44098e-05,27.53683051080821,0.1674171225260133,0.002486083911958814,5.900174335853436e-08,6.594297532787936e-10,-16.645698845027503,-16.656938216021043,-16.63458439476427
19,90.0,1.5,0.00913829,9.13829e-05,27.53683051080821,0.17655539832362943,0.002394663031111466,5.888416631360445e-08,6.600734668239541e-10,-16.64769360562687,-16.65896660142996,-16.63654627495165
20,90.0,2.0,0.011357245,0.000113572,27.53683051080821,0.18791226788156726,0.00238813286504537,5.8726179723820305e-08,6.65727060634894e-10,-16.65038021764927,-16.661781081907957,-16.639107869280554
21,99.97,0.5,0.006000353,6.00035e-05,26.801029159519725,0.19391274571168163,0.0023847307580460997,1.310970177885862e-07,1.45912958722131e-09,-15.847328194043525,-15.858520748520608,-15.836259527498731
22,119.96,0.5,0.024240831,0.000242408,25.438172521686045,0.218154561188452,0.0025197916671252235,5.801864245480409e-07,6.533223631909035e-09,-14.35991636341626,-14.3712408028055,-14.348718732262329
23,119.98,1.0,0.040235551,0.000402356,25.436878386284434,0.25838897324607063,0.0030877920401207737,5.753701752632422e-07,6.392333305357722e-09,-14.368252220221974,-14.379424345655874,-14.357203533373164
24,119.99,1.5,0.047929927,0.000479299,25.436231367960524,0.30632183354166775,0.003283140910988719,5.67302664309103e-07,6.229042243174903e-09,-14.38237287615197,-14.393413706404989,-14.371452615850664
25,119.99,2.0,0.050516135,0.000505161,25.436231367960524,0.35683806373519783,0.0038265063723317005,5.56522108884832e-07,5.968107375554648e-09,-14.40155893856564,-14.412340790210013,-14.39089209633397
26,139.97,0.5,0.03967539,0.000396754,24.206041828040277,0.3965158275362759,0.004085825702360213,2.09582790980398e-06,2.2271443982708773e-08,-13.075561898977359,-13.086245325500899,-13.064991402637535
27,139.99,1.0,0.063405515,0.000634055,24.204870019847995,0.4599186940477788,0.0038786603614659743,2.037659405701071e-06,2.1165469903509493e-08,-13.103708758964759,-13.114150229928578,-13.093375186666208
28,139.99,1.5,0.07018604,0.00070186,24.204870019847995,0.5301029963608864,0.003989904893118901,1.91487227862586e-06,1.928372811276258e-08,-13.16585963279043,-13.175981186904403,-13.155839498861406
29,139.99,2.0,0.068255434,0.000682554,24.204870019847995,0.5983642142033263,0.0036549639082770202,1.784970265608193e-06,1.7419339531820125e-08,-13.236108800793998,-13.245915627100587,-13.22639721507758
30,159.95,0.5,0.04327642,0.000432764,23.089355806972986,0.6416406275425275,0.003661662493803286,5.524917013711046e-06,5.5288201460094724e-08,-12.106242330816059,-12.116299802653565,-12.096285005334918
31,159.98,1.0,0.061204608,0.000612046,23.087756562694803,0.70284350998943,0.003159128066684558,4.763884519416157e-06,4.528294070114777e-08,-12.254447147021914,-12.263998077961098,-12.244986574042276
32,159.98,1.5,0.054607475,0.000546075,23.087756562694803,0.7574482281494543,0.002411468520805038,3.589652912773085e-06,3.3522749719785945e-08,-12.537455041816868,-12.54683763719925,-12.52815966185744
33,159.99,2.0,0.036629627,0.000366296,23.087223530498225,0.7940766083350586,0.0021393470294311934,2.224303233737208e-06,2.107438429099267e-08,-13.016066844765364,-13.025586614719417,-13.006636846893297
34,179.94,0.5,0.014840339,0.000148403,22.070670286256593,0.8089174235401743,0.002102180951407129,4.109801638940872e-06,4.062080551723501e-08,-12.402135793652247,-12.412068848196261,-12.392300435056983
35,179.97,1.0,0.018615323,0.000186153,22.06920903954802,0.827529983519376,0.0018695376185150492,2.8344850628124274e-06,2.776170843376971e-08,-12.773650272974585,-12.783492821060028,-12.763903657190571
36,179.98,1.5,0.010882119,0.000108821,22.068722000308963,0.8384112119558652,0.00183664898867264,1.208374888268146e-06,1.1950754912344222e-08,-13.6262341686262,-13.636173338749295,-13.616392814196338
37,179.99,2.0,0.011818949,0.000118189,22.068234982566096,0.8502313576755526,0.0017594852006397876,1.0688648438335862e-06,1.176079399082148e-08,-13.748913366249887,-13.759977417091473,-13.737970390272448
38,199.93,0.5,0.006975334,6.97533e-05,21.138073898706352,0.8572062282145928,0.0016987384658779248,2.6846144573725233e-06,2.6876736880049565e-08,-12.827973431608813,-12.8380352780527,-12.818011818226323
39,199.97,1.0,0.011960676,0.000119607,21.13628677713899,0.869168022802409,0.0016029783076825788,2.462052860382942e-06,2.4381886955802453e-08,-12.91451505992765,-12.924467493589843,-12.904660701911455
40,199.93,0.5,0.005208362,5.20836e-05,21.138073898706352,0.8743766414482123,0.0015883427473058487,2.2866420758223954e-06,2.324126976242213e-08,-12.988426158965945,-12.998642094286696,-12.978313534452559
41,199.97,1.0,0.009297939,9.29794e-05,21.13628677713899,0.8836740430551542,0.001477879352868361,2.16418932727061e-06,2.1558017198918735e-08,-13.043464711310436,-13.05347590010436,-13.03355275381488
42,199.98,1.5,0.011792529,0.000117925,21.13584004396255,0.8954659047933998,0.0014185350450071077,2.00554450047728e-06,1.982097661406479e-08,-13.119594962764191,-13.129527214588547,-13.109760391176536
43,199.98,2.0,0.012857251,0.000128573,21.13584004396255,0.908322445352584,0.0012446124120655266,1.8468805303157982e-06,1.8026764303920405e-08,-13.202012541938402,-13.211821144725231,-13.19229921408268
44,219.94,0.5,0.006936504,6.9365e-05,20.280273378085138,0.9152593168736893,0.0012159632411122279,4.428677988113033e-06,4.4500066061079965e-08,-12.327409440991946,-12.337508424732423,-12.317411427872974
45,219.97,1.0,0.011696467,0.000116965,20.27903958468527,0.9269549644324703,0.0010446047401788672,4.180306001376167e-06,4.1032193934644985e-08,-12.38512610803619,-12.39499019434353,-12.375358372290878
46,219.98,1.5,0.013521653,0.000135217,20.278628353578164,0.9404769733178242,0.00090982960620134,3.840934754885499e-06,3.629767344039753e-08,-12.469794795236448,-12.479289950583206,-12.460388950511213
47,219.99,2.0,0.01279567,0.000127957,20.278217139149127,0.9532720042792288,0.0006623103354734816,3.4059439998787267e-06,3.17064978470702e-08,-12.589988417468241,-12.599341184488704,-12.580722314773356
48,239.93,0.5,0.00558494,5.58494e-05,19.490137990176972,0.9588567611185266,0.000557821749203824,7.16499369830767e-06,7.069552291703208e-08,-11.84630337619497,-11.856219170442229,-11.83648494032748
49,239.96,1.0,0.008497702,8.4977e-05,19.48899846036912,0.967354763328716,0.0004651787829343945,6.511358898498403e-06,6.077501163689625e-08,-11.941962383358268,-11.951339906158935,-11.932671982139366
50,239.98,1.5,0.00749791,7.49791e-05,19.48823884785532,0.9748527675893329,0.0003359126947887203,4.896175010795379e-06,4.456359716047417e-08,-12.22705626772412,-12.236199657963768,-12.217995722160277
51,239.98,2.0,0.004975179,4.97518e-05,19.48823884785532,0.9798279839010028,0.00024433661988049193,3.102217926925944e-06,2.851692796615246e-08,-12.683393241994189,-12.692628185321107,-12.674242803047438
52,259.93,0.5,0.001479258,1.47926e-05,18.75891048247918,0.9813073442481138,0.00022411499167396265,4.2869537634994274e-06,4.2204479272777454e-08,-12.359934155687812,-12.369827801375866,-12.350137436055583
53,259.96,1.0,0.002475891,2.47589e-05,18.75785485171916,0.983783114828645,0.0001945620705993134,3.998862897662931e-06,3.829466016800909e-08,-12.429500512842614,-12.43912304867531,-12.419969688410438
54,259.98,1.5,0.000465378,4.65378e-06,18.75715116388123,0.9842484627675563,0.000194219409833718,5.463170173177004e-07,5.490208095883373e-09,-14.420066411896817,-14.430166740181177,-14.410067080987295
55,259.98,2.0,0.00053802,5.3802e-06,18.75715116388123,0.9847864733517852,0.000189868116720171,4.89058869601644e-07,4.858091738828206e-09,-14.530782966984138,-14.540766185953004,-14.52089842834043
56,279.92,0.5,0.000254129,2.54129e-06,18.080893919395375,0.9850406252353956,0.00019052463693036703,9.481958166977798e-07,9.646718540477153e-09,-13.868704798323414,-13.878930666723738,-13.858582440712777
57,279.96,1.0,0.000465365,4.65365e-06,18.079586339064566,0.9855059783115467,0.0001864056891522914,8.894361078324046e-07,8.904198118605413e-09,-13.932678161726267,-13.942739669219575,-13.922716880575004
58,279.97,1.5,0.000615167,6.15167e-06,18.079259473531962,0.9861211671527228,0.0001883880733229426,8.137418417667162e-07,8.141541859878427e-09,-14.021622668952578,-14.031678123264523,-14.011667321022003
59,279.98,2.0,0.000709654,7.09654e-06,18.078932619818126,0.9868307703150685,0.0001827377831341015,7.385843445479621e-07,7.3738517807412405e-09,-14.118530530869618,-14.128564466844852,-14.108596275405677
60,299.91,0.5,0.000317584,3.17584e-06,17.45017973685129,0.987148354571677,0.00017765579127437814,1.3740696102058267e-06,1.392129006510179e-08,-13.49773370299776,-13.507916805235803,-13.487653251901923
61,299.95,1.0,0.000581375,5.81375e-06,17.44896178677369,0.9877297131876399,0.0001753604964201405,1.3028707488717564e-06,1.2988594144267394e-08,-13.550940459774907,-13.560959696688053,-13.541020612980128
62,299.97,1.5,0.000766482,7.66482e-06,17.448352875488553,0.9884962036610752,0.00016836268642722585,1.2102571796237647e-06,1.2062718664857629e-08,-13.624677675796535,-13.634694750109052,-13.614759948913699
63,299.98,2.0,0.000877936,8.77936e-06,17.448048435782457,0.9893741494842649,0.00016043339408766677,1.1171350005799395e-06,1.108968815955317e-08,-13.704743185216051,-13.714719686064678,-13.694865232579588
64,324.9,0.5,0.000432544,4.32544e-06,16.72100994900092,0.989806654577035,0.0001546552074014329,2.33925838493353e-06,2.360283326899258e-08,-12.965676608343022,-12.97581773484771,-12.955637292672346
65,324.95,1.0,0.000777665,7.77665e-06,16.719612104999168,0.9905842788789965,0.00014410054699381947,2.233490315528781e-06,2.229330823256683e-08,-13.011945032170452,-13.021976556803692,-13.002013140381562
66,324.97,1.5,0.000997079,9.97079e-06,16.71905303283622,0.9915812615447421,0.00013241814658870865,2.100171102334349e-06,2.0515105499277075e-08,-13.07349173925192,-13.083308064065827,-13.063770838713985
67,324.98,2.0,0.001101683,1.10168e-05,16.71877351077525,0.9926828508206329,0.00011234667030041168,1.9736691996624874e-06,1.9078321430256977e-08,-13.135616209687612,-13.145329655873281,-13.125996207602146
68,349.91,0.5,0.000495181,4.95181e-06,16.049818637049402,0.9931780791056977,0.00010485353815264942,3.944392252160884e-06,3.957129594224031e-08,-12.443215670753201,-12.453298625603752,-12.433233367856289
69,279.98,3.0,0.000299036,2.99036e-06,18.078932619818126,0.9934771101234038,0.00010240803778754914,4.2052376382455047e-07,4.2832306636079335e-09,-14.681764845873266,-14.692002539067282,-14.67163090178663
70,299.98,2.0,0.000372457,3.72457e-06,17.448048435782457,0.9938495885393096,0.00010018912358833454,8.273874967145791e-07,8.398369227198483e-09,-14.004992694569927,-14.015195028532643,-13.994893397889443
71,299.98,3.0,0.000511059,5.11059e-06,17.448048435782457,0.9943606077388455,9.437086912178483e-05,8.138485467140338e-07,8.14151482611349e-09,-14.021491548803152,-14.031545644526132,-14.011537532547086
72,324.98,2.0,0.000667789,6.67789e-06,16.71877351077525,0.9950284670281258,8.347285670001758e-05,1.7736066392179874e-06,1.7657732506150916e-08,-13.242495435294309,-13.252501159580218,-13.232588834542907
73,324.98,3.0,0.000840802,8.40802e-06,16.71877351077525,0.9958692603134403,6.566328577289893e-05,1.7381462543968896e-06,1.6896247796274594e-08,-13.262691383685222,-13.272459783068767,-13.253017483565808
74,324.98,3.0,0.000688313,6.88313e-06,16.71877351077525,0.996557609771875,5.5556948257040606e-05,1.7100584017771147e-06,1.6834929140929857e-08,-13.278983034946878,-13.288876465511143,-13.269186526244045
75,349.95,1.0,0.000405019,4.05019e-06,16.048788316482106,0.9969626139773715,5.382688106131406e-05,3.5229046618080085e-06,3.616130599185074e-08,-12.556224720621074,-12.566542393261539,-12.546012416120542
76,349.89,2.0,0.000663521,6.63521e-06,16.050333846944017,0.9976261623917239,4.687494665611691e-05,3.468456469905169e-06,3.401575102236676e-08,-12.571800884320849,-12.581656463921043,-12.562041489979396
77,374.95,1.0,0.000524637,5.24637e-06,15.42971763616726,0.9981507682165853,4.327179999535913e-05,7.0289950661429195e-06,7.057108879824288e-08,-11.865466811699488,-11.875557549296046,-11.855476880721852
78,374.97,2.0,0.000714553,7.14553e-06,15.429241498487935,0.9988653099761284,2.7553123374879362e-05,6.872985113224633e-06,6.333795782971075e-08,-11.8879120318064,-11.897170251862518,-11.878738740699061
79,399.96,1.0,0.000416338,4.16338e-06,14.856412770572419,0.9992816002486116,2.338066108820147e-05,1.2865907518815362e-05,1.2751125962508111e-07,-11.260929573030573,-11.270889798068255,-11.251067576501699
80,399.98,2.0,0.000430582,4.30582e-06,14.855971357687222,0.9997121934197859,1.263889341579505e-05,1.2872132967680306e-05,1.1908250121406292e-07,-11.260445818333737,-11.269740062704237,-11.251237162075265
81,449.94,1.0,0.000287813,2.87813e-06,13.829537125392415,1.0,0.0,inf,,inf,,
